export const reactorTestData = [
	{ L: 0.00, Xa: 0.5000, Xb: 0.0000, Xc: 0.5000, Xd: 0.0000, sum: 1.0000 },
	{ L: 0.10, Xa: 0.4820, Xb: 0.0060, Xc: 0.4879, Xd: 0.0241, sum: 1.0000 },
	{ L: 0.20, Xa: 0.4647, Xb: 0.0118, Xc: 0.4762, Xd: 0.0473, sum: 1.0000 },
	{ L: 0.30, Xa: 0.4482, Xb: 0.0174, Xc: 0.4646, Xd: 0.0697, sum: 1.0000 },
	{ L: 0.40, Xa: 0.4324, Xb: 0.0228, Xc: 0.4534, Xd: 0.0914, sum: 1.0000 },
	{ L: 0.50, Xa: 0.4172, Xb: 0.0281, Xc: 0.4424, Xd: 0.1123, sum: 1.0000 },
	{ L: 0.60, Xa: 0.4027, Xb: 0.0331, Xc: 0.4317, Xd: 0.1325, sum: 1.0000 },
	{ L: 0.70, Xa: 0.3888, Xb: 0.0380, Xc: 0.4212, Xd: 0.1520, sum: 1.0000 },
	{ L: 0.80, Xa: 0.3755, Xb: 0.0427, Xc: 0.4110, Xd: 0.1708, sum: 1.0000 },
	{ L: 0.90, Xa: 0.3628, Xb: 0.0472, Xc: 0.4010, Xd: 0.1890, sum: 1.0000 },
	{ L: 1.00, Xa: 0.3505, Xb: 0.0516, Xc: 0.3913, Xd: 0.2066, sum: 1.0000 },
	{ L: 1.10, Xa: 0.3388, Xb: 0.0559, Xc: 0.3817, Xd: 0.2236, sum: 1.0000 },
	{ L: 1.20, Xa: 0.3275, Xb: 0.0600, Xc: 0.3724, Xd: 0.2400, sum: 1.0000 },
	{ L: 1.30, Xa: 0.3167, Xb: 0.0640, Xc: 0.3634, Xd: 0.2560, sum: 1.0000 },
	{ L: 1.40, Xa: 0.3063, Xb: 0.0678, Xc: 0.3545, Xd: 0.2713, sum: 1.0000 },
	{ L: 1.50, Xa: 0.2963, Xb: 0.0716, Xc: 0.3459, Xd: 0.2862, sum: 1.0000 },
	{ L: 1.60, Xa: 0.2867, Xb: 0.0752, Xc: 0.3374, Xd: 0.3007, sum: 1.0000 },
	{ L: 1.70, Xa: 0.2775, Xb: 0.0787, Xc: 0.3292, Xd: 0.3146, sum: 1.0000 },
	{ L: 1.80, Xa: 0.2687, Xb: 0.0820, Xc: 0.3212, Xd: 0.3281, sum: 1.0000 },
	{ L: 1.90, Xa: 0.2601, Xb: 0.0853, Xc: 0.3133, Xd: 0.3412, sum: 1.0000 },
	{ L: 2.00, Xa: 0.2519, Xb: 0.0885, Xc: 0.3057, Xd: 0.3539, sum: 1.0000 },
];
